Minimum charge required by PS: 18.2669 	 corresponding to sample 93
EVs  From  To  Dist #Evs
   1   14   13 33.2500    7
   2    3    4 16.2750    7
   3    5    4 4.0000   13
   4    2    4 16.7500   13
   5   11    6 18.9500    7
   6   12   13 19.0500    7
   7    6   12 24.3750    7
   8   12   13 19.0500   13
   9   10   11 18.2750    7
  10    4    5 4.0000   13
  11    2    4 16.7500   13
  12    9   10 8.0500   13
  13   13    6 12.3750   13
  14    2    4 16.7500   13
  15    4    5 4.0000   13
  16    6   11 18.9500    7
  17    5    2 16.5750    7
  18   11   10 18.2750    7
  19   13   14 33.2500    7
  20   14    9 25.7500    7
  21    6   13 12.3750   13
  22    5    4 4.0000   13
  23    4    2 16.7500    7
  24    9   14 25.7500    7
  25    4    5 4.0000   13
  26   12    6 24.3750    7
  27    4    3 16.2750   13
  28   13   12 19.0500    7
  29    6   13 12.3750   13
  30    3    2 18.8500   13
  31    2    4 16.7500   13
  32    5    4 4.0000   13
  33   11   10 18.2750   13
  34    2    4 16.7500   13
  35    9   10 8.0500   13
  36   12    6 24.3750    7
  37   13    6 12.3750   13
  38    5    4 4.0000   13
  39    4    2 16.7500    7
  40   12   13 19.0500    7
  41    3    4 16.2750    7
  42    6   12 24.3750    7
  43    5    4 4.0000   13
  44    9   10 8.0500   13
  45    9   14 25.7500    7
  46    4    3 16.2750    7
  47   14   13 33.2500    7
  48   10    9 8.0500   13
  49    5    4 4.0000   13
  50    9   10 8.0500   13
  51    4    2 16.7500   13
  52    9   14 25.7500    7
  53    3    4 16.2750   13
  54    5    4 4.0000   13
  55   12    6 24.3750    7
  56    9   10 8.0500   13
  57    3    2 18.8500    7
  58    5    4 4.0000   13
  59    2    5 16.5750   13
  60    3    2 18.8500    7
  61   10   11 18.2750    7
  62    3    4 16.2750   13
  63   12   13 19.0500    7
  64    9   10 8.0500   13
  65   10   11 18.2750    7
  66   11    6 18.9500    7
  67   12   13 19.0500    7
  68    3    2 18.8500    7
  69    2    5 16.5750   13
  70   10   11 18.2750    7
  71   14    9 25.7500    7
  72   11   10 18.2750   13
  73   14    9 25.7500    7
  74    6   11 18.9500    7
  75   14   13 33.2500    7
  76    6   13 12.3750   13
  77    9   14 25.7500    7
  78    5    4 4.0000   13
  79   14    9 25.7500    7
  80    3    4 16.2750   13
  81    2    3 18.8500    7
  82    5    2 16.5750   13
  83   11   10 18.2750    7
  84   10   11 18.2750    7
  85   13    6 12.3750   13
  86   13    6 12.3750   13
  87   12    6 24.3750    7
  88    2    3 18.8500    7
  89    2    4 16.7500   13
  90   14    9 25.7500    7
  91   10   11 18.2750    7
  92    2    5 16.5750    7
  93    6   12 24.3750    7
  94    6   11 18.9500    7
  95    3    2 18.8500    7
  96    5    2 16.5750    7
  97   11    6 18.9500    7
  98   13   14 33.2500    7
  99    4    5 4.0000   13
 100    5    4 4.0000   13
 101   12   13 19.0500   13
 102   11   10 18.2750    7
 103    3    4 16.2750   13
 104   10    9 8.0500   13
 105   13   12 19.0500    7
 106   13   14 33.2500    7
 107    6   11 18.9500    7
 108   10    9 8.0500   13
 109   12    6 24.3750    7
 110   11    6 18.9500   13
 111    3    2 18.8500    7
 112    5    4 4.0000   13
 113    5    4 4.0000   13
 114   10   11 18.2750    7
 115    3    4 16.2750   13
 116    4    2 16.7500   13
 117    4    5 4.0000   13
 118    2    5 16.5750   13
 119   10   11 18.2750    7
 120   10   11 18.2750   13
 121   13    6 12.3750   13
 122    9   14 25.7500    7
 123    5    2 16.5750   13
 124    9   10 8.0500   13
 125   10    9 8.0500   13
 126   11   10 18.2750    7
 127    2    3 18.8500   13
 128    6   13 12.3750   13
 129    5    2 16.5750    7
 130   13   14 33.2500    7
 131    4    5 4.0000   13
 132    3    4 16.2750    7
 133    2    5 16.5750    7
 134    6   12 24.3750    7
 135    2    5 16.5750   13
 136    4    2 16.7500   13
 137    2    5 16.5750    7
 138    9   10 8.0500   13
 139    3    2 18.8500    7
 140    4    2 16.7500    7
 141    3    4 16.2750    7
 142   13    6 12.3750   13
 143    5    2 16.5750   13
 144   14   13 33.2500    7
 145    9   10 8.0500   13
 146   12   13 19.0500   13
 147   10   11 18.2750   13
 148    2    5 16.5750   13
 149   13   12 19.0500    7
 150    5    4 4.0000   13
 151   12   13 19.0500    7
 152    3    4 16.2750    7
 153   11    6 18.9500    7
 154    6   11 18.9500    7
 155    4    5 4.0000   13
 156    3    2 18.8500    7
 157   13   12 19.0500    7
 158    4    5 4.0000   13
 159    4    5 4.0000   13
 160    5    4 4.0000   13
 161    2    4 16.7500   13
 162    3    2 18.8500    7
 163    5    2 16.5750   13
 164   10    9 8.0500   13
 165   10    9 8.0500   13
 166    6   11 18.9500   13
 167   12   13 19.0500    7
 168   11    6 18.9500   13
 169    2    3 18.8500    7
 170   10    9 8.0500   13
 171   14   13 33.2500    7
 172   13    6 12.3750   13
 173   10    9 8.0500   13
 174    9   10 8.0500   13
 175   10    9 8.0500   13
 176   10   11 18.2750    7
 177   11   10 18.2750    7
 178    5    2 16.5750   13
 179   11    6 18.9500    7
 180   13    6 12.3750   13
 181   14   13 33.2500    7
 182    5    4 4.0000   13
 183   14    9 25.7500    7
 184    6   12 24.3750    7
 185   11    6 18.9500    7
 186   11   10 18.2750    7
 187   14    9 25.7500    7
 188    5    4 4.0000   13
 189    2    3 18.8500   13
 190    5    4 4.0000   13
 191   10    9 8.0500   13
 192    2    3 18.8500    7
 193    6   12 24.3750    7
 194    9   10 8.0500   13
 195   14    9 25.7500    7
 196   14   13 33.2500    7
 197    6   11 18.9500    7
 198   14    9 25.7500    7
 199    9   14 25.7500    7
 200   14    9 25.7500    7
 201    5    4 4.0000   13
 202    6   12 24.3750    7
 203    6   13 12.3750   13
 204   13    6 12.3750   13
 205   11   10 18.2750   13
 206   14   13 33.2500    7
 207    3    4 16.2750    7
 208    5    4 4.0000   13
 209   12   13 19.0500   13
 210   10   11 18.2750    7
 211    4    3 16.2750   13
 212   14    9 25.7500    7
 213   12    6 24.3750    7
 214    9   10 8.0500   13
 215    4    2 16.7500   13
 216    9   10 8.0500   13
 217   12    6 24.3750    7
 218   12    6 24.3750    7
 219    6   11 18.9500   13
 220    5    2 16.5750   13
 221   10    9 8.0500   13
 222   12   13 19.0500    7
 223    6   11 18.9500    7
 224    6   11 18.9500    7
 225   14    9 25.7500    7
 226    5    4 4.0000   13
 227    6   12 24.3750    7
 228   14   13 33.2500    7
 229   12    6 24.3750    7
 230   13    6 12.3750   13
 231    6   11 18.9500   13
 232   10   11 18.2750    7
 233   11   10 18.2750    7
 234    3    2 18.8500    7
 235    2    3 18.8500   13
 236   10   11 18.2750   13
 237   10    9 8.0500   13
 238   13   12 19.0500    7
 239    4    5 4.0000   13
 240   10   11 18.2750   13
 241   13    6 12.3750   13
 242    9   14 25.7500    7
 243    4    2 16.7500   13
 244    9   10 8.0500   13
 245    5    2 16.5750   13
 246   12   13 19.0500    7
 247    9   10 8.0500   13
 248    4    2 16.7500    7
 249    2    5 16.5750    7
 250    6   11 18.9500   13