Minimum charge required by PS: 27.5256 	 corresponding to sample 79
EVs  From  To  Dist #Evs
   1    2    5 16.5750   13
   2   12    6 24.3750    7
   3    4    5 4.0000   13
   4   14    9 25.7500    7
   5    9   14 25.7500    7
   6   14    9 25.7500    7
   7    9   10 8.0500   13
   8    4    3 16.2750    7
   9   10   11 18.2750    7
  10    4    2 16.7500   13
  11    4    3 16.2750    7
  12   11    6 18.9500    7
  13    2    3 18.8500    7
  14   10    9 8.0500   13
  15   14    9 25.7500    7
  16    3    2 18.8500    7
  17    9   10 8.0500   13
  18    6   12 24.3750    7
  19    5    4 4.0000   13
  20   11   10 18.2750    7
  21    2    5 16.5750   10
  22    4    2 16.7500    7
  23   14    9 25.7500    7
  24   11    6 18.9500    7
  25   12   13 19.0500    7
  26    3    4 16.2750   13
  27    3    2 18.8500   13
  28    2    4 16.7500    7
  29   12   13 19.0500    7
  30   13   12 19.0500   13
  31    2    3 18.8500    7
  32    9   10 8.0500   13
  33    5    4 4.0000   13
  34    6   13 12.3750   13
  35   11   10 18.2750   13
  36    9   10 8.0500   13
  37    6   13 12.3750   13
  38   11   10 18.2750   13
  39    5    2 16.5750    7
  40    9   10 8.0500   13
  41   14    9 25.7500    7
  42    9   10 8.0500   13
  43    2    5 16.5750   13
  44    2    5 16.5750   13
  45    4    2 16.7500   13
  46   10    9 8.0500   13
  47   10    9 8.0500   13
  48   12   13 19.0500    7
  49   12   13 19.0500    7
  50    4    5 4.0000   13
  51    9   10 8.0500   13
  52    5    4 4.0000   13
  53    2    3 18.8500    7
  54   11    6 18.9500    7
  55    3    4 16.2750   13
  56   11   10 18.2750    7
  57    6   13 12.3750   13
  58    5    4 4.0000   13
  59   11   10 18.2750   13
  60    5    4 4.0000   13
  61    9   10 8.0500   13
  62   14    9 25.7500    7
  63   14    9 25.7500    7
  64    9   14 25.7500    7
  65    9   10 8.0500   13
  66    6   13 12.3750   13
  67    2    4 16.7500   13
  68    4    5 4.0000   13
  69    2    5 16.5750   13
  70    4    5 4.0000   13
  71    3    2 18.8500    7
  72   11   10 18.2750    7
  73    4    3 16.2750   13
  74    3    2 18.8500    7
  75    6   13 12.3750   13
  76    5    2 16.5750   13
  77    3    2 18.8500    7
  78    4    5 4.0000   13
  79   14    9 25.7500    7
  80   14   13 33.2500    7
  81   14   13 33.2500    7
  82    4    2 16.7500   13
  83    5    2 16.5750    7
  84    2    4 16.7500   13
  85    2    4 16.7500    7
  86    6   12 24.3750    7
  87    2    3 18.8500    7
  88    5    4 4.0000   13
  89    4    5 4.0000   13
  90    5    4 4.0000   13
  91   10    9 8.0500   13
  92    5    2 16.5750    7
  93    5    2 16.5750    7
  94    4    2 16.7500    7
  95   10   11 18.2750   13
  96    2    3 18.8500   13
  97   14   13 33.2500    7
  98    4    3 16.2750   13
  99   12    6 24.3750    7
 100   12   13 19.0500    7
 101    6   12 24.3750    7
 102    2    4 16.7500    7
 103    5    2 16.5750    7
 104   10    9 8.0500   13
 105    4    3 16.2750    7
 106   12    6 24.3750    7
 107    3    2 18.8500    7
 108    4    2 16.7500   13
 109    6   12 24.3750    7
 110    5    4 4.0000   13
 111   11    6 18.9500    7
 112    2    5 16.5750   13
 113    6   11 18.9500    7
 114    6   12 24.3750    7
 115    2    5 16.5750   13
 116   11    6 18.9500   13
 117   12   13 19.0500    7
 118    3    2 18.8500    7
 119   14    9 25.7500    7
 120   10   11 18.2750    7
 121    3    2 18.8500    7
 122   14   13 33.2500    7
 123    5    2 16.5750    7
 124    4    2 16.7500    7
 125    5    2 16.5750   13
 126   12   13 19.0500    7
 127    5    4 4.0000   13
 128    2    5 16.5750   13
 129    9   14 25.7500    7
 130    4    5 4.0000   13
 131    5    2 16.5750   13
 132    2    4 16.7500   13
 133    2    5 16.5750   13
 134   11    6 18.9500    7
 135    4    3 16.2750    7
 136   13   14 33.2500    7
 137    6   13 12.3750   13
 138    5    2 16.5750   13
 139   12   13 19.0500    7
 140   11   10 18.2750   13
 141   11   10 18.2750    7
 142    5    2 16.5750   13
 143   13   14 33.2500    7
 144   10   11 18.2750    7
 145    3    2 18.8500   13
 146    3    4 16.2750   13
 147    2    5 16.5750    7
 148    4    3 16.2750   13
 149    3    4 16.2750   13
 150   12   13 19.0500    7
 151    9   10 8.0500   13
 152   10    9 8.0500   13
 153    9   10 8.0500   13
 154   10    9 8.0500   13
 155    9   14 25.7500    7
 156    4    3 16.2750   13
 157   13   14 33.2500    7
 158   11    6 18.9500   13
 159    9   10 8.0500   13
 160   13    6 12.3750   13
 161    6   12 24.3750    7
 162    5    2 16.5750   13
 163    2    5 16.5750   13
 164   12    6 24.3750    7
 165   14    9 25.7500    7
 166   13   14 33.2500    7
 167    5    2 16.5750    7
 168    2    5 16.5750   13
 169    5    4 4.0000   13
 170   10   11 18.2750   13
 171    3    4 16.2750    7
 172   10   11 18.2750   13
 173    6   12 24.3750    7
 174    9   10 8.0500   13
 175    9   10 8.0500   13
 176   12   13 19.0500   13
 177    3    2 18.8500    7
 178    5    4 4.0000   13
 179    9   10 8.0500   13
 180    6   13 12.3750   13
 181    2    3 18.8500    7
 182    6   13 12.3750   13
 183    5    2 16.5750    7
 184    9   14 25.7500    7
 185    9   10 8.0500   13
 186    6   12 24.3750    7
 187    5    2 16.5750   13
 188    3    4 16.2750   13
 189    5    2 16.5750    7
 190    4    5 4.0000   13
 191   10    9 8.0500   13
 192    2    4 16.7500   13
 193   10   11 18.2750    7
 194   13   12 19.0500    7
 195    2    4 16.7500   13
 196   12    6 24.3750    7
 197    3    2 18.8500    7
 198   14    9 25.7500    7
 199    6   11 18.9500    7
 200   11    6 18.9500    7
 201   12   13 19.0500    7
 202    5    4 4.0000   13
 203   10    9 8.0500   13
 204   10   11 18.2750    7
 205    6   12 24.3750    7
 206    2    3 18.8500   13
 207    4    2 16.7500    7
 208    2    3 18.8500   13
 209   10    9 8.0500   13
 210   11   10 18.2750    7
 211   10    9 8.0500   13
 212    9   10 8.0500   13
 213   10    9 8.0500   13
 214    3    4 16.2750    7
 215   10   11 18.2750    7
 216   11    6 18.9500    7
 217    2    5 16.5750    7
 218   11    6 18.9500   13
 219   11   10 18.2750    7
 220   10    9 8.0500   13
 221    5    2 16.5750   13
 222    2    3 18.8500    7
 223    4    3 16.2750   13
 224   12    6 24.3750    7
 225    2    3 18.8500    7
 226    4    2 16.7500   13
 227   12   13 19.0500    7
 228   10    9 8.0500   13
 229   12    6 24.3750    7
 230    2    3 18.8500    7
 231    3    4 16.2750   13
 232    6   12 24.3750    7
 233    9   14 25.7500    7
 234    3    2 18.8500    7
 235   10   11 18.2750   13
 236   13   14 33.2500    7
 237   12   13 19.0500    7
 238    5    4 4.0000   13
 239   11   10 18.2750    7
 240   14   13 33.2500    7
 241   10   11 18.2750    7
 242    4    5 4.0000   13
 243    4    5 4.0000   13
 244   12   13 19.0500    7
 245    6   11 18.9500   13
 246   12   13 19.0500    7
 247   10    9 8.0500   13
 248    9   10 8.0500   13
 249   11    6 18.9500    7
 250   10    9 8.0500   13
 251    9   14 25.7500    7
 252    2    5 16.5750   13
 253   14   13 33.2500    7
 254   11    6 18.9500    7
 255    6   11 18.9500    7
 256   14   13 33.2500    7
 257    5    2 16.5750   13
 258   14    9 25.7500    7
 259    5    4 4.0000   13
 260   11    6 18.9500    7
 261   14   13 33.2500    7
 262    6   13 12.3750   13
 263   12   13 19.0500    7
 264    5    2 16.5750   13
 265   13   14 33.2500    7
 266   13   14 33.2500    7
 267    4    5 4.0000   13
 268   10   11 18.2750    7
 269    9   10 8.0500   13
 270   12    6 24.3750    7
 271   11   10 18.2750   13
 272    9   10 8.0500   13
 273   13    6 12.3750   13
 274    4    5 4.0000   13
 275    2    5 16.5750   13
 276    5    4 4.0000   13
 277    3    4 16.2750   13
 278    5    4 4.0000   13
 279   11    6 18.9500    7
 280   10   11 18.2750    7
 281    2    5 16.5750   13
 282   12    6 24.3750    7
 283    2    4 16.7500   13
 284    3    4 16.2750   13
 285    3    2 18.8500    7
 286    4    5 4.0000   13
 287    4    5 4.0000   13
 288    2    3 18.8500    7
 289    5    4 4.0000   13
 290    6   13 12.3750   13
 291    5    4 4.0000   13
 292    3    4 16.2750   13
 293   10    9 8.0500   13
 294   12   13 19.0500    7
 295   12   13 19.0500    7
 296   13    6 12.3750   13
 297   13    6 12.3750   13
 298   11    6 18.9500    7
 299   14    9 25.7500    7
 300    5    4 4.0000   13
 301   11   10 18.2750    7
 302   14   13 33.2500    7
 303    2    3 18.8500    7
 304    5    4 4.0000   13
 305   12   13 19.0500    7
 306   13    6 12.3750   13
 307    6   12 24.3750    7
 308    6   13 12.3750   13
 309    5    2 16.5750    7
 310    6   11 18.9500    7
 311    4    3 16.2750   13
 312   14    9 25.7500    7
 313    2    3 18.8500    7
 314    9   10 8.0500   13
 315    5    4 4.0000   13
 316   11    6 18.9500    7
 317   10   11 18.2750    7
 318    9   14 25.7500    7
 319    5    4 4.0000   13
 320   12   13 19.0500    7
 321    4    3 16.2750   13
 322   14   13 33.2500    7
 323    9   10 8.0500   13
 324   14    9 25.7500    7
 325   14    9 25.7500    7
 326    6   12 24.3750    7
 327   14    9 25.7500    7
 328   12   13 19.0500    7
 329    2    5 16.5750   13
 330    6   12 24.3750    7
 331    6   13 12.3750   13
 332    6   12 24.3750    7
 333   12   13 19.0500   13
 334    2    3 18.8500    7
 335    5    4 4.0000   13
 336   14    9 25.7500    7
 337    3    4 16.2750   13
 338   13   14 33.2500    7
 339   10    9 8.0500   13
 340   10    9 8.0500   13
 341    4    2 16.7500    7
 342    9   10 8.0500   13
 343   11   10 18.2750   13
 344    2    4 16.7500   13
 345    4    3 16.2750   13
 346    3    2 18.8500   13
 347   11   10 18.2750    7
 348   14    9 25.7500    7
 349   11    6 18.9500    7
 350   14   13 33.2500    7
 351   10   11 18.2750    7
 352   10   11 18.2750    7
 353    9   14 25.7500    7
 354    5    2 16.5750   13
 355    5    4 4.0000   13
 356   13    6 12.3750   13
 357   10   11 18.2750    7
 358    5    4 4.0000   13
 359    6   13 12.3750   13
 360    6   12 24.3750    7
 361    2    5 16.5750   13
 362    6   13 12.3750   13
 363    5    2 16.5750   13
 364   13   12 19.0500    7
 365    6   13 12.3750   13
 366    9   10 8.0500   13
 367   14   13 33.2500    7
 368    5    4 4.0000   13
 369    9   10 8.0500   13
 370   12    6 24.3750    7
 371    4    5 4.0000   13
 372    5    2 16.5750    7
 373   10   11 18.2750   13
 374    2    3 18.8500    7
 375   11   10 18.2750    7