Maximum charge required by PS: 37.17054000 	 corresponding to sample 52
 EVs  From  To  Dist #EVs
    1    3    4 16.2750    7
    2   12    6 24.3750   13
    3    9   10 8.0500    7
    4    6   13 12.3750    7
    5   10    9 8.0500    7
    6   11   10 18.2750    7
    7    5    2 16.5750    7
    8   12    6 24.3750   13
    9   11    6 18.9500   13
   10   10   11 18.2750   13
   11    4    5 4.0000    7
   12   10   11 18.2750   13
   13    4    2 16.7500    7
   14    6   13 12.3750    7
   15   10   11 18.2750    7
   16    2    5 16.5750    7
   17   11   10 18.2750   13
   18    4    5 4.0000    7
   19    6   12 24.3750   13
   20    3    4 16.2750    7
   21   14    9 25.7500   13
   22   12    6 24.3750   13
   23    2    4 16.7500    7
   24    3    4 16.2750    7
   25    6   11 18.9500    7
   26    4    2 16.7500    7
   27   11   10 18.2750    7
   28    2    3 18.8500   13
   29    5    2 16.5750   13
   30   12   13 19.0500   13
   31   14    9 25.7500   13
   32    4    3 16.2750    7
   33    6   11 18.9500   13
   34   10   11 18.2750    7
   35    3    2 18.8500    7
   36    4    3 16.2750    7
   37   11   10 18.2750    7
   38    4    2 16.7500    7
   39   13   14 33.2500   13
   40    2    4 16.7500    7
   41    5    4 4.0000    7
   42   14    9 25.7500   13
   43    4    3 16.2750    7
   44   12   13 19.0500   13
   45   11    6 18.9500    7
   46    6   13 12.3750    7
   47   14   13 33.2500   13
   48   12    6 24.3750   13
   49    2    4 16.7500    7
   50    9   14 25.7500   13
   51    2    3 18.8500   13
   52   12   13 19.0500   13
   53   12   13 19.0500   13
   54    9   14 25.7500   13
   55    2    4 16.7500    7
   56    2    5 16.5750   13
   57    6   13 12.3750    7
   58    4    3 16.2750    7
   59    5    2 16.5750    7
   60    9   14 25.7500   13
   61   14    9 25.7500   13
   62    9   10 8.0500    7
   63    6   13 12.3750    7
   64    9   14 25.7500   13
   65   11    6 18.9500   13
   66    6   11 18.9500    7
   67    6   12 24.3750   13
   68    4    3 16.2750    7
   69   14    9 25.7500   13
   70    4    3 16.2750    7
   71    5    4 4.0000    7
   72   14    9 25.7500   13
   73    4    3 16.2750    7
   74    5    4 4.0000    7
   75   14   13 33.2500   13
   76   11   10 18.2750    7
   77   13   12 19.0500   13
   78    3    4 16.2750    7
   79   14   13 33.2500   13
   80    2    5 16.5750    7
   81    6   13 12.3750    7
   82    2    4 16.7500    7
   83    6   11 18.9500   13
   84   12    6 24.3750   13
   85   12   13 19.0500   13
   86   11   10 18.2750    7
   87    4    3 16.2750    7
   88   11    6 18.9500   13
   89    4    3 16.2750    7
   90   14    9 25.7500   13
   91    6   11 18.9500   13
   92   10    9 8.0500    7
   93   11   10 18.2750    7
   94    9   10 8.0500    7
   95    4    3 16.2750    7
   96    4    2 16.7500    7
   97    5    2 16.5750    7
   98   14   13 33.2500   13
   99   14   13 33.2500   13
  100    9   10 8.0500    7
  101    5    4 4.0000    7
  102   13   12 19.0500   13
  103    9   14 25.7500   13
  104   12   13 19.0500    7
  105   13    6 12.3750    7
  106   11   10 18.2750   13
  107    3    2 18.8500    7
  108   10   11 18.2750   13
  109   11   10 18.2750   13
  110   11    6 18.9500   13
  111   12    6 24.3750   13
  112    5    2 16.5750   13
  113   14    9 25.7500   13
  114    6   13 12.3750    7
  115    3    2 18.8500   13
  116    3    2 18.8500    7
  117    9   10 8.0500    7
  118   13   12 19.0500    7
  119    4    5 4.0000    7
  120    5    2 16.5750    7
  121   12    6 24.3750   13
  122   10    9 8.0500    7
  123   12   13 19.0500    7
  124   13   12 19.0500    7
  125    2    4 16.7500    7
  126   13    6 12.3750    7
  127   11   10 18.2750   13
  128   14   13 33.2500   13
  129   13   14 33.2500   13
  130   10   11 18.2750    7
  131    9   14 25.7500   13
  132   12    6 24.3750   13
  133    4    5 4.0000    7
  134    4    2 16.7500    7
  135   12   13 19.0500   13
  136    3    2 18.8500   13
  137    9   14 25.7500   13
  138    9   14 25.7500   13
  139    9   14 25.7500   13
  140   11   10 18.2750    7
  141   10    9 8.0500    7
  142    4    2 16.7500    7
  143    5    4 4.0000    7
  144    3    2 18.8500    7
  145    9   10 8.0500    7
  146   12    6 24.3750   13
  147   13    6 12.3750    7
  148    2    3 18.8500    7
  149    5    2 16.5750    7
  150   11    6 18.9500   13
  151    6   13 12.3750    7
  152   11   10 18.2750   13
  153    2    4 16.7500    7
  154   10   11 18.2750    7
  155   11    6 18.9500   13
  156   13    6 12.3750    7
  157    4    3 16.2750    7
  158    9   14 25.7500   13
  159    3    4 16.2750    7
  160   10    9 8.0500    7
  161    4    3 16.2750    7
  162   11   10 18.2750   13
  163   11   10 18.2750   13
  164    6   12 24.3750   13
  165   12    6 24.3750   13
  166    6   12 24.3750   13
  167   12    6 24.3750   13
  168   10   11 18.2750   13
  169    5    4 4.0000    7
  170    9   14 25.7500   13
  171    5    4 4.0000    7
  172   12    6 24.3750   13
  173    3    2 18.8500    7
  174    4    3 16.2750    7
  175   11   10 18.2750   13
  176   11    6 18.9500   13
  177   10   11 18.2750   13
  178    2    4 16.7500    7
  179    5    4 4.0000    7
  180    3    2 18.8500    7
  181   11   10 18.2750   13
  182    3    4 16.2750    7
  183   14    9 25.7500   13
  184   10    9 8.0500    7
  185   11    6 18.9500    7
  186    3    2 18.8500    7
  187   14    9 25.7500   13
  188    4    2 16.7500   13
  189    6   12 24.3750   13
  190    6   12 24.3750   13
  191    6   11 18.9500    7
  192   12    6 24.3750   13
  193    2    4 16.7500    7
  194   11   10 18.2750    7
  195   12    6 24.3750   13
  196   11    6 18.9500    7
  197   13    6 12.3750    7
  198   14    9 25.7500   13
  199   14   13 33.2500   13
  200   12   13 19.0500   13
  201   13   12 19.0500   13
  202    2    3 18.8500   13
  203    4    3 16.2750    7
  204    3    2 18.8500   13
  205    5    2 16.5750    7
  206    2    4 16.7500    7
  207    4    2 16.7500   13
  208    5    2 16.5750    7
  209    6   12 24.3750   13
  210    3    4 16.2750    7
  211   10   11 18.2750    7
  212    9   10 8.0500    7
  213   11   10 18.2750    7
  214    3    4 16.2750    7
  215    5    2 16.5750    7
  216   11    6 18.9500    7
  217    2    4 16.7500   13
  218    5    2 16.5750   13
  219    6   11 18.9500   13
  220    2    5 16.5750    7
  221    6   11 18.9500    7
  222   13   12 19.0500   13
  223    3    4 16.2750    7
  224   13   14 33.2500   13
  225   11   10 18.2750    7
  226    4    2 16.7500    7
  227   14   13 33.2500   13
  228    6   12 24.3750   13
  229   13   14 33.2500   13
  230   11    6 18.9500   13
  231   12    6 24.3750   13
  232   14   13 33.2500   13
  233   13   12 19.0500   13
  234   14   13 33.2500   13
  235    2    4 16.7500    7
  236   11   10 18.2750   13
  237    4    5 4.0000    7
  238    9   14 25.7500   13
  239   14    9 25.7500   13
  240    3    2 18.8500   13
  241   14    9 25.7500   13
  242    6   11 18.9500   13
  243    2    4 16.7500    7
  244    6   12 24.3750   13
  245    9   14 25.7500   13
  246   13   14 33.2500   13
  247   10    9 8.0500    7
  248    3    2 18.8500    7
  249   12   13 19.0500   13
  250   13   12 19.0500   13
  251   12    6 24.3750   13
  252    9   10 8.0500    7
  253   10    9 8.0500    7
  254    6   13 12.3750    7
  255   12    6 24.3750   13
  256   14   13 33.2500   13
  257    6   11 18.9500    7
  258   10   11 18.2750    7
  259   11   10 18.2750   13
  260   12   13 19.0500   13
  261   14   13 33.2500   13
  262    3    2 18.8500   13
  263    3    4 16.2750    7
  264   14    9 25.7500   13
  265    6   12 24.3750   13
  266    3    2 18.8500   13
  267   14    9 25.7500   13
  268    6   11 18.9500   13
  269    2    5 16.5750   13
  270   11    6 18.9500   13
  271   13   12 19.0500   13
  272    4    5 4.0000    7
  273    5    2 16.5750    7
  274    2    3 18.8500   13
  275   10    9 8.0500    7
  276    9   10 8.0500    7
  277    3    4 16.2750    7
  278    9   10 8.0500    7
  279   10   11 18.2750   13
  280   13   14 33.2500   13
  281    9   14 25.7500   13
  282    2    3 18.8500    7
  283    9   14 25.7500   13
  284    4    5 4.0000    7
  285    2    5 16.5750    7
  286    6   12 24.3750   13
  287   13    6 12.3750    7
  288    3    4 16.2750    7
  289    2    5 16.5750    7
  290    2    4 16.7500    7
  291   12   13 19.0500   13
  292   12   13 19.0500    7
  293    9   14 25.7500   13
  294    2    3 18.8500   13
  295    6   11 18.9500   13
  296    4    3 16.2750    7
  297   14    9 25.7500   13
  298    4    2 16.7500    7
  299    3    2 18.8500   13
  300    9   14 25.7500   13
  301   11    6 18.9500   13
  302    4    2 16.7500    7
  303    2    5 16.5750    7
  304    2    4 16.7500    7
  305    3    4 16.2750    7
  306    3    4 16.2750    7
  307    6   13 12.3750    7
  308   10    9 8.0500    7
  309   14   13 33.2500   13
  310    2    3 18.8500    7
  311   10   11 18.2750   13
  312   10   11 18.2750    7
  313    6   12 24.3750   13
  314    2    3 18.8500   13
  315   13   14 33.2500   13
  316    9   10 8.0500    7
  317   14    9 25.7500   13
  318   14    9 25.7500   13
  319    3    2 18.8500    7
  320   10   11 18.2750   13
  321   12   13 19.0500    7
  322   13    6 12.3750    7
  323    9   10 8.0500    7
  324    2    4 16.7500    7
  325    4    3 16.2750    7
  326    9   10 8.0500    7
  327    5    4 4.0000    7
  328   13    6 12.3750    7
  329   14    9 25.7500   13
  330   10   11 18.2750    7
  331   10   11 18.2750    7
  332    4    3 16.2750    7
  333    6   11 18.9500   13
  334    5    4 4.0000    7
  335    9   10 8.0500    7
  336   12    6 24.3750   13
  337    6   13 12.3750    7
  338   11    6 18.9500    7
  339    5    4 4.0000    7
  340    2    5 16.5750    7
  341    6   13 12.3750    7
  342   14   13 33.2500   13
  343   14    9 25.7500   13
  344    3    2 18.8500    7
  345   13   14 33.2500   13
  346    3    2 18.8500   13
  347   12   13 19.0500   13
  348   10   11 18.2750    7
  349   11    6 18.9500   13
  350   13   12 19.0500   13
  351    2    5 16.5750    7
  352   13   14 33.2500   13
  353   13   14 33.2500   13
  354   14    9 25.7500   13
  355   10   11 18.2750   13
  356    3    2 18.8500   13
  357   11   10 18.2750   13
  358    4    5 4.0000    7
  359    3    2 18.8500    7
  360   11   10 18.2750   13
  361   14   13 33.2500   13
  362   13   12 19.0500   13
  363   13   14 33.2500   13
  364    2    5 16.5750    7
  365   14   13 33.2500   13
  366    6   11 18.9500   13
  367    4    2 16.7500   13
  368   11   10 18.2750   10
  369   10   11 18.2750   13
  370   12    6 24.3750   13
  371   12    6 24.3750   13
  372    9   14 25.7500   13
  373    5    4 4.0000    7
  374   14   13 33.2500   13
  375   11    6 18.9500   13